  0.10000000000000001        0.00000000       0.00000000       7.3160698960980014E-002
  0.20000000000000001        0.00000000       0.00000000      0.13031794834021102     
  0.30000000000000004        0.00000000       0.00000000      0.16070799174564665     
  0.40000000000000002        0.00000000       0.00000000      0.16434892837054058     
  0.50000000000000000        0.00000000       0.00000000      0.15056661590945791     
  0.59999999999999998        0.00000000       0.00000000      0.12969950126164559     
  0.70000000000000007        0.00000000       0.00000000      0.10881839722724032     
  0.80000000000000004        0.00000000       0.00000000       9.1052248280858644E-002
  0.90000000000000002        0.00000000       0.00000000       7.7584667393677781E-002
   1.0000000000000000        0.00000000       0.00000000       6.7235798464232124E-002
   1.1000000000000001        0.00000000       0.00000000       5.9887013632235933E-002
   1.2000000000000002        0.00000000       0.00000000       5.4501527511325080E-002
   1.3000000000000003        0.00000000       0.00000000       5.0845874399090954E-002
   1.4000000000000001        0.00000000       0.00000000       4.8753500475389677E-002
   1.5000000000000002        0.00000000       0.00000000       4.7490117603236501E-002
   1.6000000000000001        0.00000000       0.00000000       4.6727114877694570E-002
   1.7000000000000002        0.00000000       0.00000000       4.7155299120133859E-002
   1.8000000000000003        0.00000000       0.00000000       4.7833154862491109E-002
   1.9000000000000001        0.00000000       0.00000000       4.8949491434507497E-002
   2.0000000000000000        0.00000000       0.00000000       5.0720436900322560E-002
   2.1000000000000001        0.00000000       0.00000000       5.2507745339931133E-002
   2.2000000000000002        0.00000000       0.00000000       5.4953333455366973E-002
   2.3000000000000003        0.00000000       0.00000000       5.7651524004818593E-002
   2.4000000000000004        0.00000000       0.00000000       6.0614955451981645E-002
   2.5000000000000004        0.00000000       0.00000000       6.3623329055167821E-002
   2.6000000000000001        0.00000000       0.00000000       6.7215289087308838E-002
   2.7000000000000002        0.00000000       0.00000000       7.0911121106533664E-002
   2.8000000000000003        0.00000000       0.00000000       7.4775087794503939E-002
   2.9000000000000004        0.00000000       0.00000000       7.9548491102563054E-002
   3.0000000000000004        0.00000000       0.00000000       8.4621002523439126E-002
   3.1000000000000001        0.00000000       0.00000000       8.9964517055099336E-002
   3.2000000000000002        0.00000000       0.00000000       9.5790341244726684E-002
   3.3000000000000003        0.00000000       0.00000000      0.10216241745289095     
   3.4000000000000004        0.00000000       0.00000000      0.10930379006917805     
   3.5000000000000004        0.00000000       0.00000000      0.11691628432591639     
   3.6000000000000001        0.00000000       0.00000000      0.12527541320279587     
   3.7000000000000002        0.00000000       0.00000000      0.13464688249975443     
   3.8000000000000003        0.00000000       0.00000000      0.14489192386849309     
   3.9000000000000004        0.00000000       0.00000000      0.15627480682267481     
   4.0000000000000000        0.00000000       0.00000000      0.16896509690941719     
   4.0999999999999996        0.00000000       0.00000000      0.18352774615329059     
   4.2000000000000002        0.00000000       0.00000000      0.19991687673784467     
   4.2999999999999998        0.00000000       0.00000000      0.21820053306325576     
   4.3999999999999995        0.00000000       0.00000000      0.23874132573978993     
   4.5000000000000000        0.00000000       0.00000000      0.26191409793310094     
   4.5999999999999996        0.00000000       0.00000000      0.28751636803634262     
   4.7000000000000002        0.00000000       0.00000000      0.31630367484109051     
   4.7999999999999998        0.00000000       0.00000000      0.34927816690713115     
   4.9000000000000004        0.00000000       0.00000000      0.38778682225050254     
   5.0000000000000000        0.00000000       0.00000000      0.43339879175518431     
   5.0999999999999996        0.00000000       0.00000000      0.48797597694907435     
   5.2000000000000002        0.00000000       0.00000000      0.55373247465679387     
   5.2999999999999998        0.00000000       0.00000000      0.63363238107326392     
   5.4000000000000004        0.00000000       0.00000000      0.73157699047426628     
   5.5000000000000000        0.00000000       0.00000000      0.85265949674153130     
   5.5999999999999996        0.00000000       0.00000000       1.0037213844110373     
   5.7000000000000002        0.00000000       0.00000000       1.1936817542741460     
   5.7999999999999998        0.00000000       0.00000000       1.4337805295646269     
   5.9000000000000004        0.00000000       0.00000000       1.7370049820011857     
   6.0000000000000000        0.00000000       0.00000000       2.1153807757582839     
   6.0999999999999996        0.00000000       0.00000000       2.5724812799032497     
   6.2000000000000002        0.00000000       0.00000000       3.0874377498620209     
   6.2999999999999998        0.00000000       0.00000000       3.5924867607785442     
   6.4000000000000004        0.00000000       0.00000000       3.9645604476573633     
   6.5000000000000000        0.00000000       0.00000000       4.0721411363870752     
   6.5999999999999996        0.00000000       0.00000000       3.8707637602755565     
   6.7000000000000002        0.00000000       0.00000000       3.4429199769055101     
   6.7999999999999998        0.00000000       0.00000000       2.9267992297964955     
   6.9000000000000004        0.00000000       0.00000000       2.4292086598993787     
   7.0000000000000000        0.00000000       0.00000000       2.0003517508548612     
   7.0999999999999996        0.00000000       0.00000000       1.6508205959616129     
   7.2000000000000002        0.00000000       0.00000000       1.3729737490961096     
   7.2999999999999998        0.00000000       0.00000000       1.1540835719645390     
   7.4000000000000004        0.00000000       0.00000000      0.98132544576199754     
   7.5000000000000000        0.00000000       0.00000000      0.84446052462934218     
   7.5999999999999996        0.00000000       0.00000000      0.73545564431764066     
   7.7000000000000002        0.00000000       0.00000000      0.64787519905205504     
   7.7999999999999998        0.00000000       0.00000000      0.57688090643157164     
   7.9000000000000004        0.00000000       0.00000000      0.51924563451779981     
   8.0000000000000000        0.00000000       0.00000000      0.47217609790601162     
   8.0999999999999996        0.00000000       0.00000000      0.43365728423132038     
   8.1999999999999993        0.00000000       0.00000000      0.40213183942928343     
   8.3000000000000007        0.00000000       0.00000000      0.37623265515282739     
   8.4000000000000004        0.00000000       0.00000000      0.35539391620364030     
   8.5000000000000000        0.00000000       0.00000000      0.33874840957730290     
   8.5999999999999996        0.00000000       0.00000000      0.32572961435940195     
   8.6999999999999993        0.00000000       0.00000000      0.31618791181930506     
   8.8000000000000007        0.00000000       0.00000000      0.30975856596212337     
   8.9000000000000004        0.00000000       0.00000000      0.30613014629300761     
   9.0000000000000000        0.00000000       0.00000000      0.30567000999003524     
   9.0999999999999996        0.00000000       0.00000000      0.30814068667576311     
   9.1999999999999993        0.00000000       0.00000000      0.31366033400002458     
   9.3000000000000007        0.00000000       0.00000000      0.32246012321413337     
   9.4000000000000004        0.00000000       0.00000000      0.33488064063006501     
   9.5000000000000000        0.00000000       0.00000000      0.35140376891222092     
   9.5999999999999996        0.00000000       0.00000000      0.37268654102847276     
   9.7000000000000011        0.00000000       0.00000000      0.39959191850145614     
   9.8000000000000007        0.00000000       0.00000000      0.43341243530187640     
   9.9000000000000004        0.00000000       0.00000000      0.47568082681134050     
   10.000000000000000        0.00000000       0.00000000      0.52855903958960404     
   10.100000000000000        0.00000000       0.00000000      0.59470777940382802     
