!  N 1 Z 2 ITER 3   si 4      ReOmega 5      ImOmega 6      reStrN 7       reStrP  8      reStrT 9       imStrN 10      imStrP 11      imStrT 12      TrnStrN 13     TrnStrP 14     TrnStrT 15
    2   2  18  0.000000       0.000000       0.100000      -0.012507      -0.011719      -0.024226      -0.000000       0.000000       0.000000       0.000000      -0.000000      -0.000000
    2   2  33  0.000000       0.100000       0.100000      -0.012507      -0.011719      -0.024226      -0.000001      -0.000001      -0.000001       0.000000       0.000000       0.000000
    2   2  33  0.000000       0.200000       0.100000      -0.012508      -0.011720      -0.024228      -0.000001      -0.000001      -0.000002       0.000000       0.000000       0.000001
    2   2  31  0.000000       0.300000       0.100000      -0.012510      -0.011721      -0.024231      -0.000002      -0.000001      -0.000003       0.000001       0.000000       0.000001
    2   2  29  0.000000       0.400000       0.100000      -0.012512      -0.011723      -0.024235      -0.000003      -0.000002      -0.000004       0.000001       0.000000       0.000001
    2   2  28  0.000000       0.500000       0.100000      -0.012515      -0.011724      -0.024240      -0.000003      -0.000002      -0.000005       0.000001       0.000001       0.000002
    2   2  28  0.000000       0.600000       0.100000      -0.012519      -0.011727      -0.024246      -0.000004      -0.000002      -0.000007       0.000001       0.000001       0.000002
    2   2  28  0.000000       0.700000       0.100000      -0.012523      -0.011729      -0.024253      -0.000005      -0.000003      -0.000008       0.000002       0.000001       0.000002
    2   2  27  0.000000       0.800000       0.100000      -0.012528      -0.011733      -0.024261      -0.000005      -0.000003      -0.000009       0.000002       0.000001       0.000003
    2   2  26  0.000000       0.900000       0.100000      -0.012534      -0.011736      -0.024270      -0.000006      -0.000003      -0.000010       0.000002       0.000001       0.000003
    2   2  26  0.000000       1.000000       0.100000      -0.012540      -0.011740      -0.024280      -0.000007      -0.000004      -0.000011       0.000002       0.000001       0.000003
    2   2  26  0.000000       1.100000       0.100000      -0.012547      -0.011744      -0.024292      -0.000008      -0.000004      -0.000012       0.000002       0.000001       0.000004
    2   2  26  0.000000       1.200000       0.100000      -0.012555      -0.011749      -0.024304      -0.000008      -0.000005      -0.000013       0.000003       0.000002       0.000004
    2   2  26  0.000000       1.300000       0.100000      -0.012564      -0.011754      -0.024318      -0.000009      -0.000005      -0.000014       0.000003       0.000002       0.000005
    2   2  26  0.000000       1.400000       0.100000      -0.012573      -0.011760      -0.024333      -0.000010      -0.000006      -0.000015       0.000003       0.000002       0.000005
    2   2  26  0.000000       1.500000       0.100000      -0.012583      -0.011766      -0.024349      -0.000010      -0.000006      -0.000016       0.000003       0.000002       0.000005
    2   2  25  0.000000       1.600000       0.100000      -0.012593      -0.011772      -0.024366      -0.000011      -0.000007      -0.000018       0.000003       0.000002       0.000006
    2   2  25  0.000000       1.700000       0.100000      -0.012605      -0.011779      -0.024384      -0.000012      -0.000007      -0.000019       0.000004       0.000002       0.000006
    2   2  25  0.000000       1.800000       0.100000      -0.012617      -0.011787      -0.024403      -0.000012      -0.000007      -0.000020       0.000004       0.000002       0.000006
    2   2  24  0.000000       1.900000       0.100000      -0.012629      -0.011794      -0.024424      -0.000013      -0.000008      -0.000021       0.000004       0.000003       0.000007
    2   2  23  0.000000       2.000000       0.100000      -0.012643      -0.011802      -0.024445      -0.000014      -0.000008      -0.000022       0.000004       0.000003       0.000007
    2   2  23  0.000000       2.100000       0.100000      -0.012657      -0.011811      -0.024468      -0.000015      -0.000009      -0.000023       0.000005       0.000003       0.000007
    2   2  23  0.000000       2.200000       0.100000      -0.012672      -0.011820      -0.024492      -0.000015      -0.000009      -0.000024       0.000005       0.000003       0.000008
    2   2  23  0.000000       2.300000       0.100000      -0.012687      -0.011829      -0.024517      -0.000016      -0.000010      -0.000026       0.000005       0.000003       0.000008
    2   2  23  0.000000       2.400000       0.100000      -0.012704      -0.011839      -0.024543      -0.000017      -0.000010      -0.000027       0.000005       0.000003       0.000009
    2   2  23  0.000000       2.500000       0.100000      -0.012721      -0.011849      -0.024570      -0.000017      -0.000010      -0.000028       0.000006       0.000003       0.000009
    2   2  23  0.000000       2.600000       0.100000      -0.012739      -0.011860      -0.024599      -0.000018      -0.000011      -0.000029       0.000006       0.000003       0.000009
    2   2  23  0.000000       2.700000       0.100000      -0.012757      -0.011871      -0.024629      -0.000019      -0.000011      -0.000030       0.000006       0.000004       0.000010
    2   2  23  0.000000       2.800000       0.100000      -0.012777      -0.011883      -0.024660      -0.000020      -0.000012      -0.000032       0.000006       0.000004       0.000010
    2   2  23  0.000000       2.900000       0.100000      -0.012797      -0.011895      -0.024692      -0.000021      -0.000012      -0.000033       0.000007       0.000004       0.000010
    2   2  23  0.000000       3.000000       0.100000      -0.012818      -0.011907      -0.024725      -0.000021      -0.000013      -0.000034       0.000007       0.000004       0.000011
    2   2  23  0.000000       3.100000       0.100000      -0.012840      -0.011920      -0.024760      -0.000022      -0.000013      -0.000035       0.000007       0.000004       0.000011
    2   2  23  0.000000       3.200000       0.100000      -0.012862      -0.011933      -0.024796      -0.000023      -0.000014      -0.000036       0.000007       0.000004       0.000012
    2   2  23  0.000000       3.300000       0.100000      -0.012885      -0.011947      -0.024833      -0.000024      -0.000014      -0.000038       0.000008       0.000004       0.000012
    2   2  23  0.000000       3.400000       0.100000      -0.012910      -0.011961      -0.024871      -0.000025      -0.000014      -0.000039       0.000008       0.000005       0.000012
    2   2  23  0.000000       3.500000       0.100000      -0.012935      -0.011976      -0.024911      -0.000025      -0.000015      -0.000040       0.000008       0.000005       0.000013
    2   2  23  0.000000       3.600000       0.100000      -0.012960      -0.011991      -0.024951      -0.000026      -0.000015      -0.000042       0.000008       0.000005       0.000013
    2   2  23  0.000000       3.700000       0.100000      -0.012987      -0.012007      -0.024994      -0.000027      -0.000016      -0.000043       0.000009       0.000005       0.000014
    2   2  23  0.000000       3.800000       0.100000      -0.013015      -0.012023      -0.025037      -0.000028      -0.000016      -0.000044       0.000009       0.000005       0.000014
    2   2  23  0.000000       3.900000       0.100000      -0.013043      -0.012039      -0.025082      -0.000029      -0.000017      -0.000045       0.000009       0.000005       0.000014
    2   2  23  0.000000       4.000000       0.100000      -0.013072      -0.012056      -0.025128      -0.000030      -0.000017      -0.000047       0.000009       0.000005       0.000015
    2   2  23  0.000000       4.100000       0.100000      -0.013102      -0.012073      -0.025176      -0.000031      -0.000018      -0.000048       0.000010       0.000006       0.000015
    2   2  23  0.000000       4.200000       0.100000      -0.013133      -0.012091      -0.025225      -0.000032      -0.000018      -0.000050       0.000010       0.000006       0.000016
    2   2  23  0.000000       4.300000       0.100000      -0.013166      -0.012109      -0.025275      -0.000032      -0.000018      -0.000051       0.000010       0.000006       0.000016
    2   2  23  0.000000       4.400000       0.100000      -0.013198      -0.012128      -0.025327      -0.000033      -0.000019      -0.000052       0.000011       0.000006       0.000017
    2   2  23  0.000000       4.500000       0.100000      -0.013232      -0.012147      -0.025380      -0.000034      -0.000019      -0.000054       0.000011       0.000006       0.000017
    2   2  23  0.000000       4.600000       0.100000      -0.013267      -0.012167      -0.025434      -0.000035      -0.000020      -0.000055       0.000011       0.000006       0.000018
    2   2  23  0.000000       4.700000       0.100000      -0.013303      -0.012187      -0.025490      -0.000036      -0.000020      -0.000057       0.000012       0.000006       0.000018
    2   2  23  0.000000       4.800000       0.100000      -0.013340      -0.012207      -0.025547      -0.000037      -0.000021      -0.000058       0.000012       0.000007       0.000019
    2   2  23  0.000000       4.900000       0.100000      -0.013378      -0.012228      -0.025606      -0.000038      -0.000021      -0.000060       0.000012       0.000007       0.000019
    2   2  23  0.000000       5.000000       0.100000      -0.013417      -0.012250      -0.025667      -0.000039      -0.000022      -0.000061       0.000013       0.000007       0.000019
    2   2  23  0.000000       5.100000       0.100000      -0.013457      -0.012272      -0.025729      -0.000041      -0.000022      -0.000063       0.000013       0.000007       0.000020
    2   2  23  0.000000       5.200000       0.100000      -0.013498      -0.012294      -0.025792      -0.000042      -0.000023      -0.000064       0.000013       0.000007       0.000020
    2   2  23  0.000000       5.300000       0.100000      -0.013540      -0.012317      -0.025857      -0.000043      -0.000023      -0.000066       0.000014       0.000007       0.000021
    2   2  23  0.000000       5.400000       0.100000      -0.013583      -0.012341      -0.025924      -0.000044      -0.000024      -0.000067       0.000014       0.000008       0.000021
    2   2  23  0.000000       5.500000       0.100000      -0.013628      -0.012364      -0.025992      -0.000045      -0.000024      -0.000069       0.000014       0.000008       0.000022
    2   2  23  0.000000       5.600000       0.100000      -0.013673      -0.012389      -0.026062      -0.000046      -0.000025      -0.000071       0.000015       0.000008       0.000023
    2   2  23  0.000000       5.700000       0.100000      -0.013720      -0.012414      -0.026133      -0.000047      -0.000025      -0.000072       0.000015       0.000008       0.000023
    2   2  23  0.000000       5.800000       0.100000      -0.013768      -0.012439      -0.026207      -0.000049      -0.000025      -0.000074       0.000015       0.000008       0.000024
    2   2  23  0.000000       5.900000       0.100000      -0.013817      -0.012465      -0.026282      -0.000050      -0.000026      -0.000076       0.000016       0.000008       0.000024
    2   2  23  0.000000       6.000000       0.100000      -0.013868      -0.012491      -0.026358      -0.000051      -0.000026      -0.000078       0.000016       0.000008       0.000025
    2   2  23  0.000000       6.100000       0.100000      -0.013919      -0.012517      -0.026437      -0.000052      -0.000027      -0.000079       0.000017       0.000009       0.000025
    2   2  23  0.000000       6.200000       0.100000      -0.013972      -0.012545      -0.026517      -0.000054      -0.000027      -0.000081       0.000017       0.000009       0.000026
    2   2  23  0.000000       6.300000       0.100000      -0.014027      -0.012572      -0.026599      -0.000055      -0.000028      -0.000083       0.000018       0.000009       0.000026
    2   2  23  0.000000       6.400000       0.100000      -0.014083      -0.012600      -0.026683      -0.000057      -0.000028      -0.000085       0.000018       0.000009       0.000027
    2   2  23  0.000000       6.500000       0.100000      -0.014140      -0.012629      -0.026769      -0.000058      -0.000029      -0.000087       0.000018       0.000009       0.000028
    2   2  23  0.000000       6.600000       0.100000      -0.014199      -0.012658      -0.026856      -0.000059      -0.000029      -0.000089       0.000019       0.000009       0.000028
    2   2  23  0.000000       6.700000       0.100000      -0.014259      -0.012687      -0.026946      -0.000061      -0.000030      -0.000091       0.000019       0.000009       0.000029
    2   2  23  0.000000       6.800000       0.100000      -0.014320      -0.012717      -0.027038      -0.000062      -0.000030      -0.000093       0.000020       0.000010       0.000029
    2   2  23  0.000000       6.900000       0.100000      -0.014384      -0.012748      -0.027131      -0.000064      -0.000031      -0.000095       0.000020       0.000010       0.000030
    2   2  23  0.000000       7.000000       0.100000      -0.014448      -0.012779      -0.027227      -0.000066      -0.000031      -0.000097       0.000021       0.000010       0.000031
    2   2  23  0.000000       7.100000       0.100000      -0.014515      -0.012810      -0.027325      -0.000067      -0.000032      -0.000099       0.000021       0.000010       0.000031
    2   2  23  0.000000       7.200000       0.100000      -0.014583      -0.012842      -0.027425      -0.000069      -0.000032      -0.000101       0.000022       0.000010       0.000032
    2   2  23  0.000000       7.300000       0.100000      -0.014653      -0.012874      -0.027527      -0.000071      -0.000032      -0.000103       0.000023       0.000010       0.000033
    2   2  23  0.000000       7.400000       0.100000      -0.014725      -0.012907      -0.027632      -0.000073      -0.000033      -0.000106       0.000023       0.000010       0.000034
    2   2  23  0.000000       7.500000       0.100000      -0.014798      -0.012940      -0.027738      -0.000074      -0.000033      -0.000108       0.000024       0.000011       0.000034
    2   2  23  0.000000       7.600000       0.100000      -0.014874      -0.012974      -0.027847      -0.000076      -0.000034      -0.000110       0.000024       0.000011       0.000035
    2   2  23  0.000000       7.700000       0.100000      -0.014951      -0.013008      -0.027958      -0.000078      -0.000034      -0.000113       0.000025       0.000011       0.000036
    2   2  23  0.000000       7.800000       0.100000      -0.015030      -0.013042      -0.028072      -0.000080      -0.000035      -0.000115       0.000026       0.000011       0.000037
    2   2  23  0.000000       7.900000       0.100000      -0.015112      -0.013077      -0.028188      -0.000083      -0.000035      -0.000117       0.000026       0.000011       0.000037
    2   2  23  0.000000       8.000000       0.100000      -0.015195      -0.013112      -0.028307      -0.000085      -0.000035      -0.000120       0.000027       0.000011       0.000038
    2   2  23  0.000000       8.100000       0.100000      -0.015281      -0.013147      -0.028428      -0.000087      -0.000036      -0.000123       0.000028       0.000011       0.000039
    2   2  23  0.000000       8.200000       0.100000      -0.015369      -0.013183      -0.028552      -0.000089      -0.000036      -0.000125       0.000028       0.000011       0.000040
    2   2  23  0.000000       8.300000       0.100000      -0.015459      -0.013220      -0.028679      -0.000092      -0.000036      -0.000128       0.000029       0.000012       0.000041
    2   2  23  0.000000       8.400000       0.100000      -0.015552      -0.013256      -0.028808      -0.000094      -0.000037      -0.000131       0.000030       0.000012       0.000042
    2   2  23  0.000000       8.500000       0.100000      -0.015647      -0.013293      -0.028940      -0.000097      -0.000037      -0.000134       0.000031       0.000012       0.000043
    2   2  23  0.000000       8.600000       0.100000      -0.015745      -0.013330      -0.029075      -0.000099      -0.000037      -0.000137       0.000032       0.000012       0.000043
    2   2  23  0.000000       8.700000       0.100000      -0.015846      -0.013367      -0.029213      -0.000102      -0.000037      -0.000140       0.000032       0.000012       0.000044
    2   2  23  0.000000       8.800000       0.100000      -0.015949      -0.013405      -0.029354      -0.000105      -0.000038      -0.000143       0.000033       0.000012       0.000045
    2   2  24  0.000000       8.900000       0.100000      -0.016056      -0.013443      -0.029499      -0.000108      -0.000038      -0.000146       0.000034       0.000012       0.000046
    2   2  24  0.000000       9.000000       0.100000      -0.016165      -0.013481      -0.029646      -0.000111      -0.000038      -0.000149       0.000035       0.000012       0.000047
    2   2  24  0.000000       9.100000       0.100000      -0.016277      -0.013519      -0.029796      -0.000114      -0.000038      -0.000152       0.000036       0.000012       0.000048
    2   2  24  0.000000       9.200000       0.100000      -0.016393      -0.013557      -0.029950      -0.000117      -0.000038      -0.000156       0.000037       0.000012       0.000050
    2   2  24  0.000000       9.300000       0.100000      -0.016512      -0.013595      -0.030107      -0.000121      -0.000038      -0.000159       0.000038       0.000012       0.000051
    2   2  24  0.000000       9.400000       0.100000      -0.016635      -0.013633      -0.030268      -0.000124      -0.000038      -0.000163       0.000040       0.000012       0.000052
    2   2  24  0.000000       9.500000       0.100000      -0.016761      -0.013671      -0.030433      -0.000128      -0.000038      -0.000166       0.000041       0.000012       0.000053
    2   2  24  0.000000       9.600000       0.100000      -0.016891      -0.013709      -0.030601      -0.000132      -0.000038      -0.000170       0.000042       0.000012       0.000054
    2   2  25  0.000000       9.700000       0.100000      -0.017026      -0.013747      -0.030773      -0.000136      -0.000038      -0.000174       0.000043       0.000012       0.000055
    2   2  26  0.000000       9.800000       0.100000      -0.017164      -0.013785      -0.030948      -0.000141      -0.000037      -0.000178       0.000045       0.000012       0.000057
    2   2  27  0.000000       9.900000       0.100000      -0.017307      -0.013822      -0.031128      -0.000145      -0.000037      -0.000182       0.000046       0.000012       0.000058
    2   2  28  0.000000      10.000000       0.100000      -0.017454      -0.013858      -0.031312      -0.000150      -0.000036      -0.000186       0.000048       0.000012       0.000059
    2   2  26  0.000000      10.100000       0.100000      -0.017606      -0.013894      -0.031501      -0.000155      -0.000036      -0.000191       0.000049       0.000011       0.000061
    2   2  26  0.000000      10.200000       0.100000      -0.017764      -0.013930      -0.031693      -0.000160      -0.000035      -0.000195       0.000051       0.000011       0.000062
    2   2  25  0.000000      10.300000       0.100000      -0.017926      -0.013965      -0.031891      -0.000165      -0.000034      -0.000200       0.000053       0.000011       0.000064
    2   2  26  0.000000      10.400000       0.100000      -0.018094      -0.013998      -0.032093      -0.000171      -0.000033      -0.000204       0.000055       0.000011       0.000065
    2   2  26  0.000000      10.500000       0.100000      -0.018269      -0.014031      -0.032299      -0.000177      -0.000032      -0.000209       0.000056       0.000010       0.000067
    2   2  26  0.000000      10.600000       0.100000      -0.018449      -0.014062      -0.032511      -0.000184      -0.000031      -0.000214       0.000059       0.000010       0.000068
    2   2  27  0.000000      10.700000       0.100000      -0.018636      -0.014092      -0.032728      -0.000191      -0.000029      -0.000220       0.000061       0.000009       0.000070
    2   2  27  0.000000      10.800000       0.100000      -0.018830      -0.014120      -0.032951      -0.000198      -0.000027      -0.000225       0.000063       0.000009       0.000072
    2   2  28  0.000000      10.900000       0.100000      -0.019032      -0.014147      -0.033179      -0.000206      -0.000025      -0.000231       0.000065       0.000008       0.000073
    2   2  25  0.000000      11.000000       0.100000      -0.019241      -0.014171      -0.033412      -0.000214      -0.000023      -0.000237       0.000068       0.000007       0.000075
    2   2  26  0.000000      11.100000       0.100000      -0.019459      -0.014193      -0.033652      -0.000223      -0.000020      -0.000243       0.000071       0.000006       0.000077
    2   2  28  0.000000      11.200000       0.100000      -0.019686      -0.014212      -0.033898      -0.000232      -0.000017      -0.000249       0.000074       0.000006       0.000079
    2   2  28  0.000000      11.300000       0.100000      -0.019923      -0.014228      -0.034151      -0.000242      -0.000014      -0.000256       0.000077       0.000004       0.000081
    2   2  26  0.000000      11.400000       0.100000      -0.020170      -0.014240      -0.034410      -0.000253      -0.000010      -0.000263       0.000080       0.000003       0.000084
    2   2  26  0.000000      11.500000       0.100000      -0.020428      -0.014248      -0.034676      -0.000264      -0.000006      -0.000270       0.000084       0.000002       0.000086
    2   2  26  0.000000      11.600000       0.100000      -0.020698      -0.014252      -0.034949      -0.000277      -0.000001      -0.000277       0.000088       0.000000       0.000088
    2   2  26  0.000000      11.700000       0.100000      -0.020981      -0.014250      -0.035231      -0.000290       0.000005      -0.000285       0.000092      -0.000001       0.000091
    2   2  26  0.000000      11.800000       0.100000      -0.021277      -0.014242      -0.035520      -0.000305       0.000011      -0.000293       0.000097      -0.000004       0.000093
    2   2  26  0.000000      11.900000       0.100000      -0.021589      -0.014228      -0.035817      -0.000320       0.000018      -0.000302       0.000102      -0.000006       0.000096
    2   2  27  0.000000      12.000000       0.100000      -0.021918      -0.014206      -0.036124      -0.000338       0.000026      -0.000311       0.000107      -0.000008       0.000099
    2   2  28  0.000000      12.100000       0.100000      -0.022264      -0.014176      -0.036440      -0.000356       0.000036      -0.000321       0.000113      -0.000011       0.000102
    2   2  29  0.000000      12.200000       0.100000      -0.022630      -0.014136      -0.036765      -0.000377       0.000046      -0.000331       0.000120      -0.000015       0.000105
    2   2  30  0.000000      12.300000       0.100000      -0.023017      -0.014084      -0.037102      -0.000400       0.000058      -0.000342       0.000127      -0.000019       0.000109
    2   2  33  0.000000      12.400000       0.100000      -0.023429      -0.014020      -0.037449      -0.000425       0.000072      -0.000353       0.000135      -0.000023       0.000112
    2   2  33  0.000000      12.500000       0.100000      -0.023867      -0.013941      -0.037808      -0.000453       0.000088      -0.000365       0.000144      -0.000028       0.000116
    2   2  31  0.000000      12.600000       0.100000      -0.024335      -0.013845      -0.038179      -0.000485       0.000106      -0.000378       0.000154      -0.000034       0.000120
    2   2  30  0.000000      12.700000       0.100000      -0.024835      -0.013729      -0.038564      -0.000520       0.000128      -0.000393       0.000166      -0.000041       0.000125
    2   2  29  0.000000      12.800000       0.100000      -0.025373      -0.013591      -0.038964      -0.000560       0.000152      -0.000408       0.000178      -0.000048       0.000130
    2   2  27  0.000000      12.900000       0.100000      -0.025954      -0.013426      -0.039379      -0.000605       0.000181      -0.000424       0.000193      -0.000058       0.000135
    2   2  25  0.000000      13.000000       0.100000      -0.026582      -0.013230      -0.039812      -0.000657       0.000215      -0.000442       0.000209      -0.000068       0.000141
    2   2  25  0.000000      13.100000       0.100000      -0.027266      -0.012998      -0.040263      -0.000717       0.000255      -0.000462       0.000228      -0.000081       0.000147
    2   2  25  0.000000      13.200000       0.100000      -0.028013      -0.012723      -0.040736      -0.000787       0.000302      -0.000484       0.000250      -0.000096       0.000154
    2   2  25  0.000000      13.300000       0.100000      -0.028835      -0.012396      -0.041231      -0.000868       0.000359      -0.000509       0.000276      -0.000114       0.000162
    2   2  26  0.000000      13.400000       0.100000      -0.029745      -0.012008      -0.041753      -0.000965       0.000428      -0.000537       0.000307      -0.000136       0.000171
    2   2  26  0.000000      13.500000       0.100000      -0.030759      -0.011545      -0.042304      -0.001081       0.000512      -0.000569       0.000344      -0.000163       0.000181
    2   2  26  0.000000      13.600000       0.100000      -0.031899      -0.010990      -0.042890      -0.001223       0.000616      -0.000607       0.000389      -0.000196       0.000193
    2   2  26  0.000000      13.700000       0.100000      -0.033193      -0.010322      -0.043515      -0.001396       0.000746      -0.000651       0.000445      -0.000237       0.000207
    2   2  27  0.000000      13.800000       0.100000      -0.034677      -0.009511      -0.044188      -0.001614       0.000911      -0.000704       0.000514      -0.000290       0.000224
    2   2  28  0.000000      13.900000       0.100000      -0.036401      -0.008517      -0.044918      -0.001893       0.001124      -0.000769       0.000603      -0.000358       0.000245
    2   2  30  0.000000      14.000000       0.100000      -0.038433      -0.007286      -0.045719      -0.002258       0.001407      -0.000851       0.000719      -0.000448       0.000271
    2   2  33  0.000000      14.100000       0.100000      -0.040871      -0.005740      -0.046611      -0.002748       0.001790      -0.000958       0.000875      -0.000570       0.000305
    2   2  33  0.000000      14.200000       0.100000      -0.043859      -0.003762      -0.047622      -0.003429       0.002326      -0.001103       0.001091      -0.000741       0.000351
    2   2  31  0.000000      14.300000       0.100000      -0.047617      -0.001178      -0.048794      -0.004415       0.003109      -0.001307       0.001405      -0.000990       0.000416
    2   2  29  0.000000      14.400000       0.100000      -0.052493       0.002296      -0.050197      -0.005920       0.004309      -0.001612       0.001885      -0.001371       0.000513
    2   2  29  0.000000      14.500000       0.100000      -0.059078       0.007134      -0.051944      -0.008379       0.006277      -0.002102       0.002667      -0.001998       0.000669
    2   2  28  0.000000      14.600000       0.100000      -0.068419       0.014179      -0.054240      -0.012785       0.009815      -0.002970       0.004070      -0.003124       0.000945
    2   2  28  0.000000      14.700000       0.100000      -0.082427       0.024973      -0.057454      -0.021783       0.017056      -0.004727       0.006934      -0.005429       0.001505
    2   2  28  0.000000      14.800000       0.100000      -0.103898       0.041770      -0.062128      -0.043956       0.034922      -0.009035       0.013992      -0.011116       0.002876
    2   2  27  0.000000      14.900000       0.100000      -0.122811       0.056487      -0.066324      -0.111001       0.088974      -0.022027       0.035333      -0.028321       0.007011
    2   2  27  0.000000      15.000000       0.100000      -0.005725      -0.038493      -0.044218      -0.205987       0.165559      -0.040428       0.065568      -0.052699       0.012869
    2   2  27  0.000000      15.100000       0.100000       0.082917      -0.110552      -0.027635      -0.096714       0.077415      -0.019299       0.030785      -0.024642       0.006143
    2   2  27  0.000000      15.200000       0.100000       0.060514      -0.093076      -0.032562      -0.039407       0.031179      -0.008228       0.012544      -0.009925       0.002619
    2   2  26  0.000000      15.300000       0.100000       0.040144      -0.077260      -0.037116      -0.020115       0.015600      -0.004516       0.006403      -0.004965       0.001437
    2   2  25  0.000000      15.400000       0.100000       0.026881      -0.067198      -0.040316      -0.012059       0.009081      -0.002978       0.003839      -0.002891       0.000948
    2   2  25  0.000000      15.500000       0.100000       0.017935      -0.060638      -0.042703      -0.008040       0.005816      -0.002224       0.002559      -0.001851       0.000708
    2   2  24  0.000000      15.600000       0.100000       0.011541      -0.056161      -0.044620      -0.005771       0.003962      -0.001809       0.001837      -0.001261       0.000576
    2   2  24  0.000000      15.700000       0.100000       0.006737      -0.052991      -0.046254      -0.004374       0.002810      -0.001564       0.001392      -0.000894       0.000498
    2   2  24  0.000000      15.800000       0.100000       0.002975      -0.050688      -0.047712      -0.003457       0.002044      -0.001414       0.001101      -0.000651       0.000450
    2   2  24  0.000000      15.900000       0.100000      -0.000073      -0.048988      -0.049060      -0.002826       0.001506      -0.001320       0.000900      -0.000480       0.000420
    2   2  24  0.000000      16.000000       0.100000      -0.002613      -0.047727      -0.050339      -0.002376       0.001113      -0.001263       0.000756      -0.000354       0.000402
    2   2  24  0.000000      16.100000       0.100000      -0.004782      -0.046796      -0.051577      -0.002044       0.000814      -0.001231       0.000651      -0.000259       0.000392
    2   2  24  0.000000      16.200000       0.100000      -0.006673      -0.046121      -0.052794      -0.001796       0.000579      -0.001216       0.000572      -0.000184       0.000387
    2   2  23  0.000000      16.300000       0.100000      -0.008352      -0.045653      -0.054005      -0.001605       0.000390      -0.001215       0.000511      -0.000124       0.000387
    2   2  23  0.000000      16.400000       0.100000      -0.009868      -0.045352      -0.055221      -0.001458       0.000234      -0.001225       0.000464      -0.000074       0.000390
    2   2  23  0.000000      16.500000       0.100000      -0.011257      -0.045194      -0.056451      -0.001343       0.000101      -0.001243       0.000428      -0.000032       0.000396
    2   2  23  0.000000      16.600000       0.100000      -0.012547      -0.045157      -0.057704      -0.001254      -0.000015      -0.001268       0.000399       0.000005       0.000404
    2   2  23  0.000000      16.700000       0.100000      -0.013758      -0.045227      -0.058985      -0.001184      -0.000117      -0.001300       0.000377       0.000037       0.000414
    2   2  23  0.000000      16.800000       0.100000      -0.014909      -0.045393      -0.060303      -0.001130      -0.000209      -0.001339       0.000360       0.000067       0.000426
    2   2  23  0.000000      16.900000       0.100000      -0.016013      -0.045648      -0.061661      -0.001089      -0.000294      -0.001383       0.000347       0.000094       0.000440
    2   2  23  0.000000      17.000000       0.100000      -0.017083      -0.045984      -0.063067      -0.001059      -0.000374      -0.001433       0.000337       0.000119       0.000456
    2   2  23  0.000000      17.100000       0.100000      -0.018128      -0.046397      -0.064525      -0.001038      -0.000451      -0.001489       0.000330       0.000143       0.000474
    2   2  23  0.000000      17.200000       0.100000      -0.019157      -0.046886      -0.066043      -0.001026      -0.000525      -0.001551       0.000327       0.000167       0.000494
    2   2  22  0.000000      17.300000       0.100000      -0.020177      -0.047448      -0.067625      -0.001021      -0.000598      -0.001619       0.000325       0.000190       0.000515
    2   2  22  0.000000      17.400000       0.100000      -0.021196      -0.048082      -0.069278      -0.001023      -0.000671      -0.001694       0.000326       0.000214       0.000539
    2   2  22  0.000000      17.500000       0.100000      -0.022221      -0.048790      -0.071010      -0.001031      -0.000745      -0.001776       0.000328       0.000237       0.000565
    2   2  22  0.000000      17.600000       0.100000      -0.023256      -0.049571      -0.072827      -0.001045      -0.000820      -0.001866       0.000333       0.000261       0.000594
    2   2  22  0.000000      17.700000       0.100000      -0.024309      -0.050430      -0.074738      -0.001065      -0.000898      -0.001964       0.000339       0.000286       0.000625
    2   2  22  0.000000      17.800000       0.100000      -0.025385      -0.051367      -0.076752      -0.001091      -0.000980      -0.002071       0.000347       0.000312       0.000659
    2   2  22  0.000000      17.900000       0.100000      -0.026490      -0.052388      -0.078877      -0.001124      -0.001065      -0.002189       0.000358       0.000339       0.000697
    2   2  22  0.000000      18.000000       0.100000      -0.027630      -0.053496      -0.081126      -0.001162      -0.001156      -0.002318       0.000370       0.000368       0.000738
    2   2  22  0.000000      18.100000       0.100000      -0.028811      -0.054698      -0.083510      -0.001207      -0.001253      -0.002460       0.000384       0.000399       0.000783
    2   2  22  0.000000      18.200000       0.100000      -0.030042      -0.056001      -0.086042      -0.001260      -0.001357      -0.002617       0.000401       0.000432       0.000833
    2   2  22  0.000000      18.300000       0.100000      -0.031328      -0.057411      -0.088738      -0.001320      -0.001470      -0.002790       0.000420       0.000468       0.000888
    2   2  22  0.000000      18.400000       0.100000      -0.032678      -0.058938      -0.091616      -0.001388      -0.001593      -0.002981       0.000442       0.000507       0.000949
    2   2  22  0.000000      18.500000       0.100000      -0.034101      -0.060592      -0.094694      -0.001467      -0.001727      -0.003194       0.000467       0.000550       0.001017
    2   2  22  0.000000      18.600000       0.100000      -0.035608      -0.062388      -0.097995      -0.001556      -0.001875      -0.003431       0.000495       0.000597       0.001092
    2   2  22  0.000000      18.700000       0.100000      -0.037208      -0.064337      -0.101546      -0.001657      -0.002039      -0.003696       0.000527       0.000649       0.001176
