   0.0000000000000000        0.00000000       0.00000000      -0.0000000000000000     
  0.10000000149011612        0.00000000       0.00000000       1.5841440178675160E-002
   1.1000000238418579        0.00000000       0.00000000       7.2676947627931865E-002
   2.0999999046325684        0.00000000       0.00000000       9.8322545472201275E-002
   3.0999999046325684        0.00000000       0.00000000      0.16872312015554586     
   4.0999999046325684        0.00000000       0.00000000      0.32313362748574403     
   5.0999999046325684        0.00000000       0.00000000      0.72985802499876740     
   6.0999999046325684        0.00000000       0.00000000       1.8175021254206940     
   7.0999999046325684        0.00000000       0.00000000       1.5534875898411680     
   8.0999999999999996        0.00000000       0.00000000      0.70920156735962725     
   9.0999999999999996        0.00000000       0.00000000      0.54487291518272862     
   10.100000000000000        0.00000000       0.00000000      0.82594008700689603     
